labels 6 9 3 10 2 1 5 4 7 8
2 0.00302927 0.00266138 0.132512 0.00602628 0.808152 0.0141282 0.00480485 0.0247382 0.00246173 0.00148695
4 0.00561535 0.00450229 0.00953433 0.366317 0.00421147 0.00416528 0.042864 0.548561 0.0050551 0.00917416
3 0.00259727 0.00730287 0.890364 0.00126251 0.000158688 0.0828017 0.000616921 0.0138415 0.000536681 0.000517775
4 0.00571935 0.0222214 0.0148511 0.0433923 0.0286064 0.12932 0.0213153 0.716348 0.0134977 0.00472863
6 0.751725 0.00768543 0.018129 0.0996912 0.0137809 0.0144645 0.0181378 0.0568336 0.0140144 0.00553773
7 0.0221379 0.0033099 0.00188096 0.00181261 0.00314712 0.00290371 0.0217915 0.00968831 0.93183 0.00149827
5 0.00877747 0.00133428 0.00220623 0.00106537 0.00910792 0.00401012 0.955751 0.0119762 0.0052212 0.000550462
4 0.011088 0.00801322 0.0266671 0.203191 0.0633008 0.0546105 0.0266018 0.57984 0.00928166 0.0174053
2 2.5877e-010 2.73415e-010 4.45756e-010 9.5486e-011 0.999999 1.68104e-008 2.93343e-008 5.98308e-008 8.11952e-007 2.14427e-007
10 0.00143362 0.00314558 0.00418019 0.829905 0.00250682 0.00598981 0.00159371 0.0563453 0.00141929 0.093481
7 3.64614e-010 1.85945e-010 1.83208e-010 1.23494e-010 1.04462e-010 9.83898e-011 1.84604e-010 2.13852e-010 0.999999 6.26069e-007
10 0.000139856 0.00058663 0.000221677 0.986638 0.000101748 0.000634061 0.000129107 0.00625434 0.000137993 0.00515624
4 0.0559644 0.0620562 0.0707628 0.14415 0.0924739 0.0574382 0.107516 0.358294 0.026839 0.024505
2 9.63057e-005 0.000260593 0.000331167 0.000161142 0.998497 0.000138432 0.000111641 0.000142074 0.000159044 0.000102803
3 0.000594168 0.00293912 0.985811 0.00166154 0.00280728 0.000798161 0.000632848 0.00358427 0.000945724 0.000226323
4 6.49527e-005 0.000165763 0.00880783 0.00322617 6.31033e-005 0.00333417 7.03842e-005 0.95367 5.29779e-005 0.0305442
6 0.935464 0.00504226 0.00460817 0.0201466 0.00357029 0.0090773 0.00552961 0.00980036 0.00586667 0.000894751
5 0.00973093 0.00560505 0.0133486 0.030438 0.00641293 0.0276062 0.844641 0.042443 0.0088335 0.0109404
10 3.8652e-008 4.2842e-008 4.87887e-008 0.999917 2.38959e-007 1.87936e-005 9.76916e-007 1.91093e-005 1.85519e-005 2.56422e-005
10 0.0153924 0.014719 0.0483153 0.524677 0.0132986 0.212177 0.0132318 0.142115 0.0121926 0.00388143
10 1.75067e-009 2.10312e-009 1.57736e-009 0.999981 1.40347e-008 1.23705e-006 1.40656e-007 1.12873e-006 7.45285e-007 1.56953e-005
10 0.000482908 0.000301351 0.000322821 0.993608 0.000215153 0.000930424 0.000340462 0.00244437 0.000272059 0.00108233
5 0.00271069 0.000890616 0.00018121 2.44826e-005 4.53639e-005 0.000330163 0.995387 0.000243363 0.000120111 6.66566e-005
4 0.0077298 0.0123866 0.018196 0.0390573 0.0161542 0.0708909 0.0482538 0.43881 0.0150566 0.333465
6 0.960925 0.00407422 0.000692922 0.000436608 0.000257705 0.000490598 0.00715151 0.00101282 0.0248169 0.000141944
3 0.000665676 0.00211422 0.971993 0.00125988 0.00113011 0.00790866 0.00183692 0.00606565 0.000664024 0.00636225
2 0.000651941 0.000327498 0.000279454 0.000311767 0.995492 0.00042567 0.00121127 0.000473801 0.000688732 0.000137494
3 0.00163747 0.00409137 0.833624 0.00900276 0.0205621 0.0119015 0.00227344 0.113211 0.00219281 0.0015033
6 0.991574 4.49031e-005 4.21053e-005 1.06326e-005 3.54112e-005 5.99082e-005 0.00742343 2.62589e-005 0.000761602 2.19644e-005
9 0.0012935 0.993527 0.00202499 0.000423068 0.000131629 0.000339272 0.000348756 0.000665429 0.00099402 0.000252222
2 0.000359245 0.000697011 0.00160636 0.000587642 0.993838 0.000887353 0.000353835 0.000728313 0.000614392 0.000328083
9 4.65307e-006 0.995117 0.00380331 6.72005e-005 0.000329814 0.000156334 6.99262e-005 0.000322606 8.82539e-005 4.12193e-005
4 0.000679291 0.000643505 0.00538657 0.000553917 0.000741012 0.027991 0.0159238 0.833206 0.00091172 0.113963
6 0.797259 0.00615355 0.00353378 0.00133099 0.00187277 0.00234523 0.0182582 0.00336305 0.165236 0.000647046
3 0.000277766 0.000945602 0.989284 0.000457735 0.000399834 0.000920814 0.000306132 0.00688019 0.000338321 0.000189624
10 0.00216591 0.00607601 0.00461759 0.80958 0.00147317 0.0068806 0.00190597 0.0792171 0.00173967 0.0863442
10 0.000190826 0.000135733 0.000308134 0.997609 3.22817e-005 0.00079229 0.000100215 0.000389977 0.000142587 0.000298858
5 0.0182191 0.00667336 0.0128869 0.00392718 0.0312939 0.201887 0.436361 0.159696 0.00541538 0.12364
2 0.0005707 0.000899964 0.00082089 0.000516297 0.994117 0.00053149 0.000301739 0.000666839 0.00142828 0.000146545
8 0.00110381 0.000967599 0.00217561 0.012884 0.00142045 0.00185757 0.00190911 0.0583215 0.00186921 0.917491
6 0.917523 0.0021821 0.0265899 0.00167853 0.00107998 0.00349952 0.0202634 0.00515443 0.0215137 0.000515342
1 0.00940543 0.00333214 0.00795259 0.0166768 0.0326998 0.81451 0.0346516 0.0632221 0.00895659 0.00859277
5 1.19045e-006 4.93328e-007 9.31283e-007 6.77622e-007 5.39403e-007 1.22013e-006 0.998544 0.0014033 5.91813e-006 4.1439e-005
10 0.180106 0.00816678 0.0481037 0.410913 0.0394066 0.0685186 0.0823059 0.131294 0.018448 0.0127374
2 0.000463104 0.000380571 0.0012831 0.000461259 0.994336 0.00103271 0.000444241 0.000671866 0.000538762 0.000388656
8 0.002929 0.00327919 0.00261127 0.0960171 0.00243261 0.018149 0.00318888 0.0800575 0.00349178 0.787844
2 0.00243159 0.00308008 0.358014 0.00184416 0.614349 0.00330366 0.00200684 0.0123272 0.00193778 0.000705776
9 6.16525e-007 0.998717 0.000598203 6.58827e-005 1.76535e-005 5.17408e-005 2.93809e-005 0.000113905 5.81157e-005 0.000347724
10 0.00103019 0.000858838 0.00314429 0.962035 0.00096349 0.00512764 0.00560284 0.0115656 0.000824359 0.00884731
3 0.000214179 0.000842542 0.996088 9.72167e-005 0.00034963 0.000149003 0.000272131 0.00158355 0.000338833 6.46946e-005
5 0.00152571 0.000541382 0.001468 0.000494606 0.000867183 0.00178173 0.980657 0.0110263 0.00115567 0.000482631
5 0.0102097 0.000102476 5.9959e-006 3.48306e-006 5.08542e-006 5.46716e-005 0.98937 2.12005e-005 0.000166782 6.10225e-005
8 0.000294884 0.00140374 0.000717131 0.0233049 0.000405833 0.00128377 0.000250716 0.0061476 0.000324913 0.965866
5 3.36564e-007 9.565e-008 9.58995e-008 4.92118e-008 3.6021e-008 9.84984e-008 0.999953 1.05126e-005 7.59044e-006 2.86845e-005
2 1.0077e-007 1.08375e-007 1.47978e-007 7.63772e-008 0.999935 2.42432e-006 4.61902e-006 1.54634e-006 4.7487e-005 8.88216e-006
8 0.000423219 0.000365013 0.000132051 0.000246737 0.000121902 0.00170557 0.00154843 0.0017413 0.000452256 0.993264
9 4.17185e-006 0.996424 0.0027081 0.000125398 2.36979e-005 3.70136e-005 2.9159e-005 0.000462966 0.000108466 7.69748e-005
3 0.00155297 0.0055074 0.957062 0.00275348 0.00326721 0.00160746 0.00179332 0.0240234 0.0017943 0.000638852
3 4.50124e-005 9.84321e-005 0.965071 0.000210221 7.99638e-005 3.89136e-005 1.84946e-005 0.0343738 2.07503e-005 4.29291e-005
10 0.00211713 0.00314573 0.0044225 0.973724 0.00119155 0.00258431 0.000992832 0.00986864 0.000816619 0.00113643
2 0.000201928 0.000482577 0.000382505 0.000152454 0.997841 0.00016443 0.000123033 0.000199836 0.000328973 0.000123268
2 2.74537e-005 9.82964e-005 0.000779005 2.61915e-005 0.998874 2.80316e-005 1.55005e-005 2.66916e-005 8.26245e-005 4.21953e-005
5 0.00754867 0.00341796 0.362153 0.00408542 0.00413729 0.150033 0.426314 0.0120164 0.0282675 0.00202612
10 0.00296258 0.00221061 0.00313983 0.978449 0.000970025 0.00216871 0.000958487 0.0042838 0.00178861 0.00306863
6 0.999622 1.77065e-007 3.84117e-008 5.04862e-008 4.07083e-008 7.82596e-008 0.000372392 8.31768e-008 4.1757e-006 4.83787e-007
10 0.00012005 0.000243278 0.00024099 0.997903 7.61454e-005 0.000517646 8.33037e-005 0.000371019 0.00016308 0.00028115
2 0.000519314 0.00160101 0.319883 0.00117937 0.670311 0.00104606 0.000401447 0.00403827 0.000570983 0.000449374
4 0.00912015 0.00633827 0.056482 0.0413788 0.0746438 0.0691345 0.187544 0.532402 0.0088244 0.0141325
5 0.00131223 0.000187331 0.000493163 3.24263e-005 6.28983e-005 0.0011171 0.992148 0.00223353 0.000421248 0.00199211
8 7.15916e-005 4.99063e-005 1.02974e-005 1.46568e-005 1.7581e-005 0.000402388 0.000154747 0.000299927 8.00286e-005 0.998899
2 4.53744e-011 5.47156e-011 1.28059e-010 2.85389e-011 0.999999 1.33344e-007 3.0555e-008 5.62872e-008 3.06959e-007 4.3503e-007
6 0.932185 0.000461942 0.000505128 0.000253982 0.000913762 0.00432151 0.0498861 0.00112276 0.0098974 0.000452163
8 0.00131871 0.00139823 0.00207031 0.00714048 0.00119409 0.183976 0.00806522 0.0398979 0.0024231 0.752516
7 0.00493058 0.0015688 0.00640459 0.000675066 0.00283388 0.00868885 0.08884 0.0383013 0.84449 0.00326649
2 1.63977e-007 1.38864e-007 4.1322e-007 2.14731e-007 0.999857 1.90259e-005 8.65596e-006 4.99025e-006 6.78931e-005 4.11933e-005
9 0.00135048 0.991758 0.00293829 0.000601241 0.000326917 0.000321178 0.00092758 0.000857146 0.00070117 0.00021788
1 0.00373853 0.000891431 0.00119161 0.00166781 0.00152622 0.944674 0.0170428 0.00713732 0.00638005 0.0157498
2 0.000158807 0.000139207 7.93204e-005 6.11399e-005 0.998819 0.000357679 8.76011e-005 0.000114614 9.96655e-005 8.28623e-005
4 4.46282e-005 0.000226084 0.000648386 0.000446943 4.39231e-005 7.63607e-005 0.000103312 0.99779 0.000133609 0.000486531
3 0.000378409 0.000602236 0.981982 0.000516638 0.0118125 0.000549124 0.000435241 0.0030834 0.000563516 7.67655e-005
2 0.0006841 0.00074947 0.00181092 0.00102047 0.990999 0.000959744 0.000810422 0.0010786 0.000966219 0.000921097
4 0.00293289 0.00549186 0.174037 0.0376998 0.00693173 0.150436 0.00393013 0.613187 0.00232359 0.00302991
7 2.52008e-009 1.32583e-009 1.14352e-009 1.00715e-009 1.03255e-009 1.74367e-009 2.2056e-009 1.6282e-009 0.999996 3.72535e-006
7 0.00036214 0.0001145 0.000930819 2.0166e-005 6.37701e-005 0.000123807 0.00026446 0.000278059 0.99782 2.22507e-005
2 4.37686e-011 7.91798e-011 1.5597e-010 5.3182e-011 0.999999 2.72581e-008 2.41752e-008 6.81454e-008 4.42206e-007 6.52378e-007
4 0.0070011 0.010835 0.150673 0.286533 0.0183582 0.0272824 0.0119598 0.452821 0.0157097 0.0188269
4 0.000417632 0.000312007 0.0323454 0.00350103 0.000333059 0.000498765 0.000329339 0.958297 0.000317577 0.00364789
10 0.000443792 0.000748785 0.000853021 0.992178 0.000514891 0.00162855 0.000418727 0.00130556 0.00053377 0.00137526
4 0.00736837 0.00933698 0.131276 0.161504 0.0162087 0.0141006 0.0273014 0.604553 0.0102584 0.0180918
4 0.00619796 0.00671045 0.0276345 0.0391389 0.0263195 0.0326568 0.0325738 0.726547 0.0112301 0.0909906
4 0.0428655 0.0208559 0.0275307 0.0572607 0.0640595 0.0621058 0.180504 0.471231 0.053611 0.0199764
4 0.0289215 0.00830479 0.0209707 0.0057585 0.00802999 0.0543425 0.369054 0.41898 0.0172703 0.0683684
6 0.394909 0.00863765 0.00321104 0.00350853 0.00515669 0.1806 0.16726 0.0297998 0.0272739 0.179643
10 0.0013705 0.00547164 0.00358843 0.927796 0.00279817 0.00749745 0.00712887 0.0165329 0.00177746 0.0260387
3 0.00221136 0.00450059 0.821232 0.00156468 0.000637877 0.16282 0.00226691 0.00318797 0.00115569 0.000423117
6 0.998555 0.000120981 2.3849e-005 1.02873e-005 1.10199e-005 3.81621e-005 0.000626898 4.31505e-005 0.000516969 5.33866e-005
10 0.00173574 0.000846645 0.00183044 0.729666 0.000699854 0.00197558 0.00113105 0.259799 0.000794115 0.00152183
9 1.73356e-008 0.99979 0.000139144 1.57761e-005 1.53624e-006 1.34595e-006 4.46638e-006 2.16638e-005 1.9819e-005 6.17186e-006
4 0.0247395 0.028403 0.0310732 0.0250624 0.0464875 0.118599 0.114921 0.468921 0.0222965 0.119497
10 0.00240163 0.00500707 0.0116784 0.8082 0.00254671 0.00694805 0.00806943 0.143665 0.00498024 0.00650351
7 0.000295045 0.000688323 0.000661239 0.000351905 0.000282465 0.000258179 0.000191289 0.000792232 0.996355 0.000124052
3 0.00744662 0.0128008 0.376975 0.0324916 0.00478716 0.278579 0.011754 0.262792 0.00493678 0.00743725
3 0.00600803 0.00412861 0.762384 0.00373097 0.178837 0.00764081 0.00280714 0.0317533 0.00178896 0.000921905
5 0.00291021 0.00307329 0.0147834 0.0063573 0.00767076 0.00975353 0.743544 0.205528 0.00354941 0.0028309
2 0.0309234 0.140917 0.142355 0.109383 0.18498 0.0838812 0.0275012 0.172939 0.0984722 0.00864691
2 0.000104443 0.000170207 0.000589168 9.85652e-005 0.9984 0.000133092 6.03591e-005 0.000185857 0.000161926 9.67147e-005
2 6.63868e-008 6.13731e-008 2.16466e-007 7.67787e-008 0.999919 6.20409e-006 2.8609e-006 1.55375e-006 5.6245e-005 1.3771e-005
10 0.00127183 0.00136229 0.00279107 0.986717 0.000960435 0.00261546 0.000747547 0.0023166 0.000723792 0.000493576
4 0.00274643 0.00516762 0.0221749 0.277061 0.00692194 0.0331497 0.00670552 0.617467 0.00398282 0.0246225
10 0.000241333 0.000245439 0.00109054 0.996461 0.000132344 0.000491175 9.99527e-005 0.000884686 0.000138101 0.000215667
4 0.0188322 0.0371005 0.0275355 0.0181341 0.00359363 0.0317417 0.0125844 0.828794 0.00550011 0.0161844
4 0.00916893 0.00324881 0.00165137 0.00632228 0.00181003 0.0300092 0.0229726 0.823704 0.00604822 0.0950644
9 0.0026644 0.98866 0.00130695 0.000473342 0.000534225 0.00055603 0.00197742 0.00234734 0.000988806 0.00049168
4 0.000200931 0.000343749 0.00052781 0.013615 9.02874e-005 0.000976316 0.000175293 0.975746 0.000443059 0.00788129
3 0.00306825 0.00760247 0.951433 0.00479394 0.00644362 0.00471501 0.00241898 0.0150373 0.00367244 0.000814993
2 0.000320144 0.00131676 0.405309 0.00025934 0.591183 0.000287112 0.000232385 0.000742497 0.00020917 0.000140918
8 5.19338e-009 3.59649e-009 4.21459e-009 9.12204e-009 3.35983e-009 1.43605e-008 6.3204e-009 1.55926e-008 4.47423e-009 1
10 0.000150191 0.000242026 0.000110513 0.998078 4.34704e-005 0.000251606 7.42351e-005 0.000407649 0.000135673 0.000506374
10 0.000370568 0.000426087 0.00109731 0.995225 0.0002329 0.0007707 0.000212988 0.000938636 0.000320273 0.000405662
6 0.513337 0.00416274 0.0181524 0.0143679 0.0350308 0.0148757 0.36388 0.0265591 0.00725386 0.00238134
10 0.00154204 0.00120437 0.00256495 0.978993 0.00157622 0.00214096 0.00164002 0.00610545 0.00246235 0.00177018
3 0.000955471 0.00232473 0.991016 0.00138675 0.000485887 0.000739948 0.000166614 0.00263062 0.000218144 7.53923e-005
3 0.0067017 0.00996208 0.631762 0.0140021 0.00692705 0.078042 0.00860264 0.229189 0.0116073 0.00320439
10 0.00678869 0.00573084 0.00429776 0.878173 0.00267372 0.0132243 0.00801972 0.0267414 0.00659785 0.0477528
1 0.000117501 0.000334082 0.0153476 0.000384048 0.000201757 0.97988 0.0005224 0.00271184 7.54922e-005 0.000425168
9 1.73238e-008 0.999846 8.73712e-005 1.3031e-005 5.28434e-006 7.27358e-006 5.0368e-006 1.44828e-005 1.03018e-005 1.16836e-005
2 0.0118001 0.00496257 0.0156842 0.00796471 0.897151 0.0154786 0.0244847 0.0141498 0.00549002 0.00283456
4 0.00802836 0.00391473 0.00671812 0.162343 0.00404382 0.0145455 0.00773978 0.754945 0.00514327 0.0325793
10 0.000227088 0.000940348 0.000566087 0.995978 0.000170995 0.0006349 0.000175814 0.00056249 0.000319554 0.000424848
3 0.00583898 0.0096856 0.748222 0.00435991 0.00410136 0.074808 0.0145301 0.0305291 0.105495 0.00243009
9 0.0036159 0.924549 0.0375911 0.0067899 0.0032545 0.00319733 0.00417025 0.00890855 0.00483374 0.00308996
7 4.02656e-010 2.3113e-010 1.63284e-010 1.00702e-010 9.43117e-011 1.19687e-010 2.79789e-010 1.7443e-010 0.999999 6.47082e-007
9 0.012706 0.808014 0.00346355 0.00200676 0.00204419 0.0322419 0.0207524 0.014349 0.0219688 0.0824538
2 1.95912e-007 1.68707e-007 5.81198e-007 2.51463e-007 0.999891 1.04948e-005 7.41713e-006 3.13411e-006 5.06416e-005 3.65457e-005
4 0.00447401 0.00106918 0.000595107 0.00218123 0.000348157 0.00280947 0.00400798 0.978979 0.00202368 0.0035124
1 0.00142223 0.00135507 0.0088637 0.00210647 0.00194671 0.946313 0.00172678 0.00714443 0.00166693 0.027455
5 0.00283435 0.00011144 4.01902e-005 3.54146e-005 4.89473e-005 6.18882e-005 0.84596 8.87225e-005 0.150796 2.26895e-005
7 3.73449e-009 1.05563e-009 9.30648e-010 8.44025e-010 1.4092e-009 1.49847e-009 2.08426e-009 2.17902e-009 0.999997 2.6768e-006
5 0.0156253 0.00191178 0.00739295 0.00504402 0.0549793 0.030035 0.848397 0.0148805 0.0201959 0.00153861
4 0.0056064 0.00322908 0.0135904 0.00252246 0.0039119 0.00658116 0.0120475 0.945512 0.00435661 0.00264227
10 1.49061e-007 2.1154e-007 2.72512e-007 0.999554 3.00497e-007 7.61194e-006 9.98336e-007 0.000126675 3.7713e-006 0.000306069
1 0.000445836 0.000218799 0.000346336 0.000205075 0.000533645 0.990535 0.00592128 0.00138443 0.000232355 0.000176789
10 0.00541324 0.00337145 0.0079336 0.931568 0.00497154 0.00743265 0.00484534 0.0236696 0.00522099 0.00557344
2 0.000323259 0.000139139 0.000448476 0.000124808 0.996088 0.000806148 0.00121857 0.00042359 0.000219778 0.000208184
5 0.00432019 0.00362946 0.00861541 0.00465884 0.0129334 0.015962 0.897752 0.0389797 0.00862312 0.00452593
9 4.29516e-007 0.999551 0.000210341 1.9101e-005 7.39031e-006 1.39361e-005 2.84838e-005 2.25715e-005 0.000111491 3.50346e-005
10 1.37991e-005 1.96159e-005 1.79426e-005 0.991123 1.0647e-005 5.24443e-005 1.63727e-005 0.00625245 6.4011e-006 0.0024876
8 0.00362989 0.00402646 0.00506832 0.0263656 0.00159167 0.0173529 0.00456841 0.0472974 0.00320444 0.886895
10 4.41011e-008 5.90467e-008 9.03704e-008 0.999823 6.49294e-007 1.47705e-005 2.35005e-006 8.75993e-006 3.04977e-006 0.000146965
6 0.987036 0.00962947 0.000110404 1.04478e-005 9.54734e-006 3.01626e-005 0.00223021 0.000135799 0.000718133 8.93953e-005
10 1.84605e-008 1.67716e-008 1.86455e-008 0.999943 9.53098e-008 8.11471e-006 1.46179e-006 6.38137e-006 6.03359e-006 3.49887e-005
9 0.0307192 0.758216 0.0514125 0.0287263 0.0146722 0.0224696 0.0148386 0.0516579 0.0173018 0.0099861
3 0.000249562 0.000837766 0.985475 0.00025698 0.00952842 0.000346748 0.000340345 0.00210338 0.000234074 0.00062789
10 0.000626148 0.000294319 0.00031253 0.988958 6.46e-005 0.00223892 0.000161252 0.0062781 0.000220119 0.000846311
4 0.00943259 0.00906754 0.0392799 0.0271045 0.024697 0.0774678 0.116536 0.532768 0.0146442 0.149002
2 0.000368183 0.000741262 0.000351223 0.00021307 0.996402 0.000516744 0.000270573 0.000356446 0.000447721 0.000333136
4 0.00627422 0.00539026 0.0805526 0.0488967 0.00671896 0.0109547 0.00892872 0.814992 0.00414058 0.0131514
6 0.917528 0.000119642 7.91022e-005 5.24092e-005 0.0001954 0.00014801 0.0806044 0.000236315 0.000862437 0.000174432
2 0.00144526 0.000660829 0.00417139 0.000733295 0.988668 0.000951872 0.000675962 0.00142227 0.000747295 0.000523503
3 0.000136011 0.000422936 0.549705 7.67337e-005 0.449159 7.14664e-005 8.88363e-005 0.000234383 5.81046e-005 4.7982e-005
10 0.00787918 0.00512824 0.00314097 0.93858 0.00212928 0.0230144 0.00306733 0.0112652 0.0047162 0.00107946
1 0.000139118 0.000377028 0.000419018 0.000894375 0.000401344 0.99002 0.000820434 0.00188053 0.000451742 0.0045963
3 0.00118427 0.00610252 0.980778 0.00105571 0.00198195 0.00167519 0.001162 0.00456777 0.000977611 0.00051507
10 6.48063e-009 7.30737e-009 1.06789e-008 0.999962 2.75152e-007 8.43349e-006 8.47133e-007 5.38167e-006 8.40262e-006 1.46924e-005
8 0.00220346 0.000706275 0.000868755 0.00687474 0.000380189 0.0215089 0.00130536 0.0105835 0.000682562 0.954886
7 4.14408e-009 1.93817e-009 1.07069e-009 9.52621e-010 1.22137e-009 1.44918e-009 2.84143e-009 1.80396e-009 0.999998 2.08445e-006
4 0.0377236 0.0266224 0.127858 0.100459 0.0122987 0.0212419 0.0214959 0.614243 0.0206744 0.0173828
7 0.00202007 0.00284597 0.00225307 0.00130813 0.0018163 0.00139594 0.00153817 0.00336845 0.982475 0.000979181
3 0.00267947 0.0113168 0.673927 0.0130126 0.00431533 0.0157923 0.00274492 0.267204 0.00287049 0.00613624
7 2.25598e-007 1.09164e-007 6.12777e-008 6.26402e-008 4.83497e-008 6.4914e-008 1.33892e-007 9.86672e-008 0.99999 8.78131e-006
9 1.28941e-009 0.99997 1.55941e-005 1.72556e-006 2.23006e-007 6.2802e-007 9.75607e-007 1.46225e-006 5.9253e-006 3.0365e-006
1 6.05246e-005 0.000140381 0.000282909 0.000175551 2.69055e-005 0.997564 0.000415896 0.000721949 8.14316e-005 0.000530885
9 0.00270887 0.977527 0.00658096 0.00108727 0.000813147 0.00131787 0.00181359 0.00236629 0.00250617 0.00327879
5 0.000612069 0.000595613 0.00104128 0.000432213 0.000603357 0.00247302 0.887007 0.101195 0.00316911 0.00287088
3 0.00127593 0.00210054 0.974007 0.00152902 0.00174961 0.00197383 0.00141917 0.0139723 0.00142092 0.00055186
10 0.00400031 0.00432886 0.00900932 0.877316 0.00917342 0.0441838 0.00366026 0.0405384 0.00264968 0.00513945
6 0.918648 0.000680459 0.000898534 0.00510084 0.000205315 0.000922891 0.00641209 0.0150075 0.00220892 0.0499156
9 0.0489406 0.275071 0.0643309 0.0927139 0.0686625 0.0736757 0.0662254 0.234534 0.0446632 0.031183
10 0.00233973 0.00938737 0.0274077 0.722916 0.00385705 0.0259619 0.00289208 0.177624 0.00256024 0.0250543
4 0.000866891 0.00247578 0.0154123 0.0072927 0.00376417 0.00564667 0.00235088 0.959635 0.00143934 0.00111669
2 0.000159482 0.000127547 6.76654e-005 5.37684e-005 0.999042 0.000156557 0.000103057 8.76476e-005 0.000108377 9.39097e-005
3 0.00157663 0.00897656 0.899489 0.00323988 0.00157435 0.0524928 0.00163952 0.0280625 0.00123007 0.00171891
3 0.00610016 0.00842603 0.761301 0.00881475 0.104281 0.016058 0.014439 0.0692163 0.00412986 0.00723359
3 0.000386236 0.0035483 0.984186 0.0018002 0.000778899 0.000980395 0.000395712 0.00724543 0.000457814 0.0002207
7 7.45671e-009 6.44214e-009 6.39263e-009 2.50028e-009 2.65563e-009 2.47795e-009 9.15538e-009 4.34071e-009 0.999998 1.80106e-006
5 0.151078 0.00784387 0.0169585 0.00946894 0.0224662 0.0105777 0.718006 0.0525765 0.00754834 0.0034757
10 0.000654594 0.00234271 0.00154698 0.988487 0.000543 0.00270031 0.000457197 0.00189387 0.000643891 0.000730244
9 0.00217661 0.953329 0.016744 0.00589688 0.00204116 0.00298515 0.00430702 0.00640818 0.00210845 0.00400336
6 0.86071 0.00500334 0.0339032 0.00603711 0.0153037 0.00684721 0.0335965 0.0239853 0.0130907 0.00152252
3 0.00257011 0.00727114 0.878419 0.00817921 0.0110236 0.042234 0.00390811 0.0388181 0.00535856 0.00221771
4 0.019836 0.0112874 0.183725 0.0387308 0.0134935 0.273026 0.0133914 0.433693 0.0094968 0.00332079
3 6.54026e-005 0.00156754 0.997507 5.79601e-005 0.000136145 0.000191369 5.97836e-005 0.000362811 3.63069e-005 1.56917e-005
10 0.00174483 0.00408642 0.00408065 0.941141 0.0050745 0.0093804 0.00154155 0.0222632 0.00126643 0.00942119
5 0.00121618 0.000113309 0.00022811 0.000121589 0.000767297 0.000686327 0.994756 0.00140647 0.000612293 9.19957e-005
7 2.78251e-009 1.58809e-009 6.79928e-010 4.78093e-010 3.60864e-010 6.55105e-010 1.65298e-009 8.34594e-010 1 3.69037e-007
7 1.33595e-009 1.31713e-009 3.38011e-010 3.74517e-010 3.33238e-010 3.70612e-010 5.63309e-010 6.20065e-010 0.999999 1.01219e-006
2 0.000572133 0.00136153 0.0190433 0.00106572 0.971227 0.00173545 0.000456099 0.00315189 0.000538232 0.000848695
10 2.82093e-007 3.40237e-007 5.29786e-007 0.999595 8.72972e-006 0.000115548 1.2975e-005 8.08438e-005 7.36206e-005 0.000112486
8 3.32865e-009 2.67679e-009 4.07948e-009 4.46353e-009 1.98423e-009 7.47633e-009 4.64657e-009 9.85581e-009 2.80487e-009 1
2 2.50426e-010 3.36467e-010 1.09997e-009 3.81164e-010 0.999998 4.28232e-007 2.16625e-008 9.18326e-008 5.56873e-007 8.72061e-007
1 0.00376438 0.00253263 0.0101788 0.0414538 0.00208923 0.876115 0.0266515 0.0307821 0.00346479 0.00296738
5 0.00207192 0.00140821 0.00182247 0.000940294 0.000848021 0.00148952 0.98691 0.00266812 0.00131157 0.000530052
2 0.000145155 0.000367548 0.000446025 0.000167056 0.997452 0.00036012 0.000251969 0.000278953 0.000339378 0.000191543
4 0.0013212 0.00211643 0.00728264 0.114285 0.00136225 0.0034156 0.00348303 0.857538 0.00150234 0.00769303
2 3.82986e-005 9.10472e-005 0.000436294 4.64579e-005 0.998925 0.000110473 3.92293e-005 9.28148e-005 9.86605e-005 0.000121352
8 1.90624e-005 2.27695e-005 1.21364e-005 0.000354494 7.27046e-006 0.000173856 2.73561e-005 0.0031445 9.55361e-006 0.996229
7 0.000434205 0.000197723 0.000119253 2.94351e-005 0.000133983 0.000117347 0.00020548 0.000221715 0.998499 4.22049e-005
3 8.83175e-005 0.00101197 0.997266 0.000203889 0.000287903 0.000297447 0.000132116 0.000469854 0.000163395 7.94472e-005
9 0.0221928 0.71626 0.0635928 0.0434911 0.0147945 0.0304958 0.0173467 0.061472 0.0191518 0.0112024
9 0.00923417 0.923318 0.0217291 0.00611937 0.00300223 0.00699297 0.00506572 0.0145674 0.00611353 0.00385737
3 7.71928e-005 0.000386461 0.979782 0.000106267 8.07022e-005 0.000266562 6.59889e-005 0.0190539 8.77297e-005 9.33086e-005
3 1.48338e-005 0.000295111 0.997535 4.37678e-005 2.52584e-005 6.58221e-005 1.7039e-005 0.00196192 1.83257e-005 2.30348e-005
10 4.98558e-009 6.18349e-009 6.27412e-009 0.999963 2.28387e-008 4.37411e-006 1.76968e-007 1.72262e-005 3.10164e-006 1.21521e-005
4 0.00590814 0.00912433 0.00773669 0.0495974 0.00327686 0.00848046 0.0115992 0.883682 0.00892846 0.0116663
4 0.0297514 0.0590015 0.0887979 0.0993037 0.0476507 0.0262702 0.0433751 0.561714 0.0250844 0.019051
2 0.000694677 0.00250965 0.00371484 0.00110606 0.987389 0.00125447 0.00053953 0.00129041 0.000908121 0.000593315
6 0.992489 0.000735603 0.000459252 0.000424975 0.000203342 0.000234288 0.00225619 0.000782878 0.00224423 0.000170166
3 0.000294005 0.00111647 0.991793 7.28975e-005 0.000101447 0.00520066 0.000353639 0.000831483 0.000120544 0.000115469
10 0.000385216 0.000459406 0.000429112 0.994243 0.000743629 0.000943328 0.000308824 0.00147003 0.000472003 0.000545919
9 0.0157445 0.717913 0.142191 0.0183766 0.0335552 0.0141049 0.0110944 0.030619 0.00892937 0.00747265
10 0.000309055 0.000977658 0.00371726 0.956625 7.87251e-005 0.00061011 0.000719775 0.0356896 0.00018943 0.00108311
9 7.96149e-008 0.999703 5.24717e-005 4.80881e-006 2.33629e-006 5.40084e-006 3.78419e-006 5.61775e-006 2.48074e-005 0.000197654
2 0.000250888 0.000435886 0.00860646 0.000140681 0.988381 0.000239922 0.000198185 0.00120159 0.000328343 0.000216756
3 0.001092 0.00330254 0.969082 0.00247792 0.00760862 0.00192491 0.00128072 0.0116702 0.00107642 0.000484887
5 0.000936441 5.3709e-005 1.2332e-005 1.62181e-005 4.44632e-005 0.000177065 0.997964 0.000590215 0.000166064 3.91282e-005
6 0.998492 0.000114576 0.000195216 4.08559e-005 0.000151404 4.5494e-005 0.000447755 0.000162295 0.000282535 6.7924e-005
7 1.30211e-008 1.31222e-008 7.38256e-009 5.90134e-009 4.02278e-009 4.10248e-009 1.59984e-008 9.95516e-009 0.999992 7.94901e-006
2 5.33786e-005 0.000135079 0.000820502 4.33909e-005 0.99855 4.95273e-005 5.24218e-005 9.16821e-005 8.76289e-005 0.000116586
8 1.29001e-008 1.18555e-008 1.09037e-008 1.52243e-008 8.44637e-009 3.37353e-008 2.06991e-008 3.23615e-008 1.39561e-008 1
1 0.0301 0.00179081 0.000367832 0.000471972 0.000324619 0.925313 0.0239907 0.00243096 0.0111686 0.0040412
4 0.00109143 0.00263292 0.00772192 0.0148581 0.00421873 0.00308482 0.00168047 0.957064 0.00208838 0.00555923
3 0.00138974 0.00494721 0.961637 0.00215929 0.00259524 0.00297974 0.0037604 0.0188179 0.00100631 0.000707029
9 8.3921e-008 0.999723 0.000141878 1.93075e-005 3.49896e-006 1.48306e-005 1.71686e-005 2.48426e-005 3.32237e-005 2.26614e-005
7 0.0067067 0.00580199 0.00692123 0.00177769 0.00120764 0.00315869 0.00625774 0.00686933 0.960394 0.000904679
4 0.00132755 0.00241789 0.0117785 0.0224562 0.00392052 0.0082272 0.00289983 0.871803 0.00220507 0.0729641
8 0.0122226 0.00817079 0.0163069 0.16711 0.00815368 0.0161011 0.0398593 0.323763 0.00919852 0.399114
3 0.000235173 0.000730898 0.949591 0.00109761 0.00691446 0.000547719 0.000256815 0.0402613 0.0001871 0.000178305
8 0.00170424 0.00147342 0.00119104 0.000843219 0.000569039 0.00680943 0.00840416 0.0109706 0.00157435 0.96646
5 0.0343227 0.00225607 0.000180477 3.64993e-005 0.00113422 0.00142713 0.527326 0.00227351 0.430225 0.000818546
9 0.00838995 0.806414 0.014335 0.0518 0.00482222 0.00286482 0.00996535 0.0907059 0.00508379 0.00561852
6 0.999349 4.42631e-006 2.05598e-006 1.23523e-006 1.86094e-006 1.0915e-006 3.75521e-005 7.02324e-006 0.000579171 1.68353e-005
6 0.999594 5.89858e-005 2.06822e-005 1.97321e-005 3.40229e-005 2.61459e-005 6.33461e-005 6.06285e-005 8.85054e-005 3.38479e-005
9 3.82219e-006 0.999027 0.000385042 7.41647e-005 0.000154898 5.58084e-005 3.63059e-005 7.17958e-005 7.9447e-005 0.000111392
3 0.000185925 0.000688347 0.991573 0.000277137 0.000155649 0.000287844 0.000115039 0.00649633 0.00014004 8.09046e-005
4 0.00277896 0.00128889 0.0165741 0.0045924 0.00503172 0.00761928 0.00299425 0.955358 0.00226467 0.00149735
7 0.000443169 0.000431499 0.000227456 0.00020299 0.000105064 0.000364337 0.00234072 0.00269129 0.991477 0.0017168
5 0.0032598 0.000133926 0.000215692 0.000144757 0.000390005 0.000301367 0.994095 0.000900057 0.000449056 0.000110451
9 4.86274e-007 0.999069 0.000697248 1.56125e-005 1.22221e-005 3.62292e-005 1.42304e-005 0.000125794 1.28865e-005 1.64609e-005
8 0.00205634 0.000514543 0.000311361 0.00110406 0.000365184 0.00541851 0.023808 0.00940616 0.001026 0.95599
8 0.000335518 0.000367932 0.000231351 0.00143355 0.000164622 0.00303241 0.00079123 0.00374808 0.000639846 0.989255
2 2.12652e-005 4.39922e-005 0.000792993 9.1536e-006 0.999021 1.09661e-005 1.34629e-005 4.50778e-005 2.97441e-005 1.26319e-005
4 0.134269 0.0162994 0.00870178 0.113824 0.0124838 0.0304823 0.271755 0.310934 0.0293099 0.0719406
9 0.0108675 0.768996 0.126183 0.00689702 0.0207221 0.0132102 0.00842896 0.0227097 0.0187229 0.003262
2 0.000782829 0.000749712 0.000800274 0.000699954 0.991483 0.00159623 0.000800801 0.0009735 0.00160679 0.000506764
6 0.999909 8.90168e-006 4.54571e-007 4.01645e-007 1.33512e-007 1.6661e-006 8.88241e-006 2.05664e-006 5.14331e-005 1.66143e-005
5 0.0276982 0.000624294 0.000618163 0.000400301 0.0011969 0.004414 0.958256 0.00332248 0.00249741 0.000972059
10 0.00102762 0.000571583 0.00131715 0.988567 0.00121268 0.00216786 0.000626865 0.00309481 0.000575181 0.000839234
5 0.01658 0.000350587 0.000307425 0.000133778 0.000322277 0.000754598 0.978151 0.00242613 0.000761326 0.000212902
6 0.706829 0.00306038 0.00398498 0.00309909 0.0016219 0.00383222 0.0807832 0.185775 0.00553617 0.00547775
4 0.00286064 0.00154477 0.00098303 0.0299436 0.000219206 0.000787694 0.000875487 0.959237 0.000773473 0.00277551
4 0.00833261 0.0203389 0.132041 0.150956 0.0134731 0.0404624 0.0213009 0.344621 0.0112175 0.257258
9 0.00124578 0.995554 2.01503e-005 2.58928e-005 0.000167831 9.48021e-005 0.00234479 6.27912e-005 0.000330328 0.000153477
2 0.000234941 0.000547128 0.000305553 9.63213e-005 0.99792 0.000138692 0.00011734 0.000191384 0.000263693 0.000184937
5 0.000985632 0.000869568 0.00634302 0.000838183 0.00153236 0.00326743 0.696188 0.287906 0.00126502 0.000804899
8 0.00709263 0.00615826 0.0635882 0.0160722 0.00883733 0.194863 0.14508 0.257241 0.00993698 0.291131
5 4.98896e-008 1.12921e-008 9.30171e-009 8.30774e-009 1.35682e-008 1.61779e-008 0.999921 1.47072e-006 5.96447e-005 1.78411e-005
1 0.000241045 0.000268949 0.000292677 0.000539284 0.000422565 0.993671 0.00129812 0.00102194 0.000494298 0.00174974
3 0.000112857 0.000610595 0.99714 0.000146803 0.000231496 0.00023513 0.000127571 0.00121581 0.000109647 7.03286e-005
8 0.00419512 0.00745151 0.0454919 0.0171784 0.00800515 0.0248527 0.00850467 0.109799 0.00561418 0.768907
9 0.00771565 0.932005 0.034054 0.00144659 0.0031801 0.000777133 0.00184967 0.00485152 0.0129749 0.00114498
8 0.00103859 0.00217554 0.0085125 0.00142022 0.000406055 0.0089952 0.00826166 0.0319121 0.00154429 0.935734
10 0.00154304 0.0039655 0.00814494 0.962737 0.00171772 0.00463301 0.00128852 0.0111711 0.00166268 0.00313649
10 0.000162446 0.000419785 7.06281e-005 0.998255 6.75929e-005 0.000429534 7.68272e-005 0.000231773 8.95157e-005 0.000197183
1 0.0036426 0.00200703 0.00171095 0.00163598 0.00219333 0.965618 0.0044138 0.0161097 0.00162978 0.0010386
8 0.000212932 0.00034751 0.000454893 0.000594986 0.000130331 0.00244713 0.000359975 0.00219217 0.000260159 0.993
6 0.533243 0.0180408 0.027616 0.0317993 0.0383845 0.111078 0.0894313 0.0626164 0.0747501 0.0130401
4 0.00178531 0.00257814 0.01985 0.00592614 0.00811683 0.0164049 0.0275831 0.911996 0.00248166 0.00327772
2 0.00060738 0.00107574 0.0102852 0.00158893 0.979242 0.00167852 0.00082867 0.00218811 0.00111305 0.00139248
10 0.00175402 0.00469401 0.00386187 0.973505 0.000882876 0.00263642 0.00130881 0.00411613 0.00218714 0.00505386
7 0.00272525 0.0015601 0.00203727 0.00190743 0.00153576 0.00360994 0.00288859 0.00774579 0.968741 0.00724849
8 5.3819e-005 8.71383e-005 7.53324e-005 0.000120458 1.86078e-005 7.42636e-005 0.00010315 0.0254869 4.2039e-005 0.973938
2 0.00644091 0.0106996 0.0256586 0.0319378 0.852002 0.0270263 0.00674787 0.030173 0.00496422 0.00434953
3 6.1715e-008 8.22523e-008 0.999818 8.55642e-007 6.42193e-005 1.24852e-006 4.54124e-007 0.000110316 3.61712e-006 1.40532e-006
7 3.94216e-008 1.82054e-008 2.08851e-008 1.5559e-008 4.054e-008 3.42241e-008 4.00322e-008 4.26482e-008 0.999991 9.08992e-006
5 0.00121888 9.36228e-005 0.000103662 0.000107108 0.000109072 0.000471251 0.99665 0.000603824 0.000547107 9.51582e-005
2 9.67944e-005 0.000148586 0.115974 9.67408e-005 0.882989 0.000109557 6.27233e-005 0.000359071 0.000112727 5.1285e-005
10 0.00467658 0.00767146 0.0181559 0.637871 0.00757877 0.00806697 0.00776628 0.289473 0.00682313 0.0119167
4 0.000312708 3.47082e-005 4.62692e-005 5.78475e-005 5.28766e-005 2.89318e-005 0.0002471 0.999007 8.29197e-005 0.000129431
10 0.00728809 0.0107423 0.00301816 0.922572 0.00221292 0.00680685 0.00715563 0.0306575 0.00638898 0.00315776
3 0.00229909 0.00135104 0.78846 0.00148115 0.099216 0.0365494 0.00530664 0.062191 0.00247943 0.000666402
6 0.973465 0.000394749 0.000575454 9.71353e-005 0.000270941 0.00149204 0.0199697 0.00258645 0.000822165 0.000326632
9 0.0459353 0.760519 0.0524932 0.0214332 0.00433406 0.0289909 0.02166 0.0336668 0.014859 0.016108
4 0.0068786 0.0172089 0.0288568 0.0551881 0.00798115 0.0643705 0.00699188 0.800052 0.00646867 0.00600335
5 0.304225 2.0794e-005 1.44829e-006 2.91495e-007 5.27331e-007 4.91589e-006 0.687177 1.54818e-006 0.00856599 2.76045e-006
2 0.000811227 0.00195943 0.00314956 0.00227663 0.980022 0.00730141 0.000934174 0.00192518 0.00105085 0.000569046
10 0.00848753 0.0121368 0.0301361 0.804645 0.0211383 0.0341061 0.0125377 0.055459 0.00875477 0.012599
4 0.00110863 0.00199887 0.221106 0.0071759 0.0267473 0.00995853 0.0036172 0.573124 0.00199861 0.153165
9 0.000497596 0.988877 0.00542789 0.000761922 0.000663338 0.000985432 0.000661543 0.00132801 0.000448162 0.000348831
2 0.00306423 0.00217461 0.00165266 0.00216639 0.963252 0.00631737 0.00988576 0.00386866 0.00399621 0.0036221
9 1.26377e-007 0.999839 8.12173e-005 7.8825e-006 4.90331e-006 5.09559e-006 8.69599e-006 9.89993e-006 2.13174e-005 2.16684e-005
3 3.44796e-005 0.000401118 0.993115 4.29565e-005 3.1278e-005 0.000338387 4.06585e-005 0.0058976 2.21879e-005 7.65785e-005
10 3.11208e-008 4.99565e-008 6.71017e-008 0.999836 5.60253e-007 1.01196e-005 2.01771e-006 1.01868e-005 8.05414e-006 0.000132881
5 0.013354 0.0106497 0.00786485 0.0115604 0.0114645 0.0131743 0.81885 0.0532919 0.0226575 0.0371326
10 0.000744448 0.00151451 0.0109667 0.970404 0.0012608 0.00512055 0.000595243 0.00781119 0.000775086 0.000807795
10 0.0059443 0.0113782 0.0435097 0.379007 0.00720488 0.0857479 0.061664 0.237526 0.00590963 0.162108
4 0.000294571 0.000604886 0.00370178 0.0145488 0.000639458 0.00112181 0.000535096 0.976015 0.00042163 0.0021167
8 5.45989e-005 2.88666e-005 1.68255e-005 1.28047e-005 3.2952e-006 0.0405916 5.05684e-006 1.23714e-005 6.14498e-006 0.959268
5 0.000198391 1.38725e-005 2.86222e-005 1.62733e-005 5.65424e-005 8.38834e-005 0.999202 0.000317009 6.8155e-005 1.5037e-005
9 9.36541e-008 0.999694 0.000198038 1.60994e-005 2.42022e-006 8.19774e-006 1.42324e-005 3.50522e-005 1.91405e-005 1.23041e-005
3 0.000646791 0.00257222 0.991249 0.000429785 0.00132309 0.0009342 0.000377272 0.00197937 0.000396279 9.21018e-005
3 0.000179823 0.00103318 0.995232 0.000236289 0.000144328 0.000558852 0.000148648 0.00218681 0.0002038 7.61726e-005
6 0.962899 0.000558754 0.000384744 5.4868e-005 0.00430002 0.000773897 0.0280575 0.00150345 0.00132373 0.000144413
1 0.0003411 0.000615884 0.000670453 0.000414453 0.000130276 0.984067 0.0095088 0.0014673 0.00142763 0.00135704
10 0.00127252 0.00229451 0.00487228 0.969933 0.00137621 0.00552 0.00110386 0.0100265 0.00187211 0.00172936
6 0.662726 0.00341853 0.00159436 0.000496247 0.000936639 0.00102657 0.291674 0.000923241 0.0369634 0.000241284
4 0.0314918 0.0149853 0.0201778 0.0407859 0.00657334 0.0179421 0.102939 0.73561 0.0200116 0.0094832
9 0.0151509 0.870602 0.0633389 0.00595725 0.0084811 0.00475525 0.00513763 0.0154731 0.00958568 0.00151806
9 8.16803e-010 0.999986 8.66544e-006 7.89299e-007 2.82751e-007 5.19401e-007 6.27097e-007 1.1061e-006 1.47789e-006 8.98856e-007
1 0.000972739 0.000905574 0.00204051 0.00222767 0.00479473 0.969293 0.0075955 0.006646 0.00203322 0.00349104
3 0.00104279 0.0114507 0.963929 0.00216275 0.0056035 0.00297524 0.000904749 0.010165 0.00112496 0.000641626
3 0.00025334 0.000623052 0.99709 0.000118501 6.81207e-005 0.000524161 0.000137259 0.000943302 6.15351e-005 0.000180278
2 0.000383529 0.000527154 0.0035285 0.000378747 0.993184 0.000208457 0.000336045 0.000559408 0.000497098 0.000396899
3 0.00973076 0.0101233 0.856965 0.0139702 0.0129378 0.0134089 0.00539381 0.0704439 0.00434523 0.00268106
5 0.0146953 0.00304366 0.00772821 0.0122376 0.00948442 0.0232561 0.885624 0.0277379 0.0114967 0.00469619
1 0.000490174 0.000326853 0.000650679 0.000626308 0.000743037 0.968255 0.0172346 0.00256001 0.00131059 0.00780303
5 0.128014 0.142382 0.0276754 0.0439694 0.061296 0.0276737 0.190067 0.178239 0.167674 0.0330097
6 0.999612 1.21178e-006 1.30253e-007 1.18289e-007 2.75877e-007 2.98577e-007 0.000200078 1.58169e-006 0.000180774 3.03653e-006
6 0.995787 4.18589e-005 0.000125476 2.17859e-005 0.000130057 4.07388e-005 0.00339806 0.000169787 0.000137759 0.000147209
6 0.978428 0.000288978 9.80281e-005 6.65364e-005 2.28654e-005 0.000114464 0.00776754 0.000157636 0.0128942 0.00016174
3 0.00183001 0.00221409 0.987802 0.000424631 0.000375284 0.000514785 0.000617269 0.00586327 0.000223584 0.000135538
3 0.000392434 0.00136079 0.990659 0.000647094 0.00102854 0.000340462 0.000299491 0.00496257 0.000220517 8.93836e-005
1 0.0687838 0.0118806 0.0411766 0.0204813 0.0290856 0.316293 0.212371 0.0875362 0.203986 0.00840563
6 0.861911 0.000169454 0.000103158 0.000369851 4.54252e-005 0.000128208 0.120187 0.0013003 0.000322526 0.015463
9 3.03908e-010 0.999989 6.09295e-006 5.31712e-007 5.82502e-008 8.1237e-008 2.48869e-007 5.29153e-007 3.15543e-006 2.40427e-007
3 0.285703 0.0120971 0.592962 0.00694131 0.00922772 0.0106224 0.0243131 0.0472164 0.0094918 0.00142516
5 9.4556e-008 2.83951e-008 3.28024e-008 4.16861e-008 4.89494e-008 7.2034e-008 0.999909 6.99752e-005 1.83029e-005 1.99227e-006
7 6.31172e-009 4.18191e-009 2.82281e-009 2.19402e-009 2.25991e-009 1.98036e-009 3.74814e-009 3.28981e-009 0.999997 2.83652e-006
7 0.000111931 0.000256853 0.00127559 1.11758e-005 3.68814e-005 8.20696e-005 0.000175361 0.000166595 0.997857 2.69459e-005
5 0.0630389 0.0174014 0.00689551 0.00686198 0.0108463 0.0169255 0.800492 0.0287803 0.0145899 0.0341686
4 0.0113042 0.00668039 0.00428946 0.0023797 0.00128745 0.0138115 0.0416742 0.906379 0.00370462 0.00848981
9 3.17142e-009 0.999973 1.5279e-005 1.45172e-006 6.38385e-007 1.13422e-006 1.23985e-006 1.74026e-006 3.61179e-006 2.30881e-006
9 2.82628e-013 1 4.24385e-008 2.82634e-008 1.68233e-008 2.38079e-008 2.90344e-008 4.43275e-008 7.51749e-008 4.48253e-008
10 0.000611841 0.000943354 0.00773055 0.983023 0.000553523 0.00132278 0.000419266 0.00399248 0.000382885 0.0010201
2 0.000185061 0.000192831 0.000112915 0.000108515 0.998424 0.000350763 0.000122276 0.000157294 0.000209215 0.000136945
7 0.000660545 6.99509e-005 0.000157545 4.21538e-005 5.12533e-005 4.27059e-005 4.95351e-005 9.14063e-005 0.9988 3.4761e-005
8 0.00207565 0.00153251 0.00156162 0.00154269 0.000572757 0.0239209 0.0063004 0.0132809 0.00176275 0.94745
9 0.000400293 0.997002 0.000426293 0.000118464 0.000120968 0.000165524 0.000299987 0.000313225 0.000546208 0.000606743
2 0.000270212 0.000411227 0.00105599 0.000365363 0.994715 0.000824407 0.000261923 0.000601801 0.000639712 0.000854522
5 0.0225938 0.00580963 0.000566369 0.000280931 9.03815e-005 0.00386883 0.899492 0.00134276 0.0292145 0.0367405
